3.675716,-2.697076,3.709190,-7.545169,-144.406580,-21.007814,8.400000e+07
-0.881615,1.277332,0.882071,70.954166,-93.147062,-21.322416,8.400000e+07
-0.735386,0.545915,4.646186,-89.973101,93.757384,155.251506,8.400000e+07
-1.214568,5.276087,-0.326179,-19.901269,-122.874293,81.075288,8.400000e+07
3.767661,-1.940713,-2.819179,74.921397,-131.853651,185.133782,8.400000e+07
6.773525,4.416235,0.959857,-50.917197,-42.626549,71.031274,8.400000e+07
-1.321768,1.774845,0.269471,-2.310451,-185.986780,36.514205,8.400000e+07
-1.024523,-0.324469,0.206244,-78.814141,-12.422132,326.314326,8.400000e+07
-1.479200,3.994088,0.853877,-105.975017,-15.406417,43.643902,8.400000e+07
-1.191829,1.152688,-3.817737,119.694358,72.532357,70.119443,8.400000e+07
-1.913860,-0.553362,4.558875,-214.285900,136.678593,38.001955,8.400000e+07
2.997196,1.778278,1.092522,-262.516326,159.487193,-65.994540,8.400000e+07
0.880089,0.985436,-4.281883,169.136664,-149.332009,28.773443,8.400000e+07
3.669619,-0.447895,0.689931,-127.137990,20.351126,-167.835766,8.400000e+07
0.958629,-1.402855,1.312899,39.124593,52.655109,-98.140986,8.400000e+07
0.655202,2.344582,0.858351,-87.895410,68.028017,174.036291,8.400000e+07
-1.399322,-1.876258,0.347869,-210.083599,157.807938,21.574072,8.400000e+07
1.897021,-2.128600,-1.637694,63.552229,-270.558288,-227.990843,8.400000e+07
4.026630,2.135038,2.767545,147.649520,-173.638157,126.171667,8.400000e+07
0.429961,-3.178134,2.348201,46.133738,82.768560,74.251866,8.400000e+07
-1.033744,-3.060072,1.854233,233.332981,71.843174,-49.714353,8.400000e+07
-2.414645,-3.261852,-1.456134,109.185270,117.120353,115.268384,8.400000e+07
1.604917,0.867800,1.072835,-156.106659,-443.371715,162.758856,8.400000e+07
3.215836,0.781946,-0.798004,-56.804082,-29.506688,-46.934091,8.400000e+07
-0.635459,0.211347,-0.238099,-62.831487,-425.158972,-119.826809,8.400000e+07
0.151035,-3.779832,-2.513603,-159.880066,-61.984173,-116.410061,8.400000e+07
0.818322,-0.827501,-3.117052,1.550762,147.889104,-275.182157,8.400000e+07
-3.430761,-4.086636,-1.721381,234.387503,57.276483,84.423718,8.400000e+07
-2.608708,4.971341,-2.026423,58.119011,-240.865548,-177.489709,8.400000e+07
-1.805224,2.186240,1.227109,-39.012376,-139.152122,-42.558636,8.400000e+07
0.069449,1.714211,-3.234491,-176.526316,82.711307,303.443125,8.400000e+07
-0.199222,-2.288521,5.326065,43.153850,-82.409513,-1.326585,8.400000e+07
5.904147,3.676780,2.281918,-145.939329,-175.512327,23.766439,8.400000e+07
1.383425,1.611315,2.114138,3.669484,-160.341508,-125.482346,8.400000e+07
0.234737,0.825150,-2.333903,-69.307225,58.476811,88.830496,8.400000e+07
-2.844330,0.784876,1.646476,132.156049,-189.135436,-58.188271,8.400000e+07
-1.106962,2.247622,1.175556,95.650332,207.089821,-9.663020,8.400000e+07
1.653981,2.216860,2.424360,-202.573675,-90.658876,-301.302779,8.400000e+07
0.462747,0.154484,1.740414,-62.595452,-165.289994,129.643382,8.400000e+07
-5.040764,5.786340,1.743592,45.245306,159.088008,115.875640,8.400000e+07
-0.810714,-1.720764,-0.572801,-80.663321,195.689552,-9.425190,8.400000e+07
2.060640,3.197360,1.467352,-3.584450,54.419549,-124.763902,8.400000e+07
7.418136,2.544616,-3.350579,-2.878623,-48.566800,-107.679751,8.400000e+07
-3.212625,-3.723343,1.069004,73.049297,96.736458,156.044547,8.400000e+07
-0.755219,-2.699225,0.385874,-209.962018,161.351459,-93.811280,8.400000e+07
-0.516099,-2.580804,3.167789,-199.739496,-13.743208,-116.344184,8.400000e+07
0.675945,-4.764549,-1.962313,110.752897,81.905147,-247.818198,8.400000e+07
-2.613757,3.398923,4.226767,-85.767194,-133.216233,-9.332444,8.400000e+07
-4.536766,1.655061,-1.357093,108.816667,7.445368,15.673051,8.400000e+07
2.612597,5.373279,0.603028,-127.510680,231.441291,-24.857819,8.400000e+07
3.949570,-2.758778,2.847926,-72.862301,128.989932,-121.917389,8.400000e+07
5.196532,2.659838,-0.169499,60.677878,-41.091058,-44.045443,8.400000e+07
-5.695645,-3.680582,-2.528455,-21.957650,145.453819,-65.538186,8.400000e+07
0.981234,-2.122762,1.756882,-157.036399,-5.503832,-103.268887,8.400000e+07
-0.257083,3.129728,3.527431,-125.507706,70.197229,-114.071978,8.400000e+07
-0.486587,-1.176446,-0.862381,-184.140646,-125.317208,169.482951,8.400000e+07
2.453619,0.186735,-0.433576,0.230783,-125.082052,85.437945,8.400000e+07
0.580640,2.147173,-0.216438,-148.516112,-151.457419,79.099612,8.400000e+07
-2.768106,-0.794310,1.193627,-55.218007,147.476746,67.944422,8.400000e+07
-0.247910,3.134795,3.128533,-77.288457,-2.824595,117.626355,8.400000e+07
-0.883617,-0.844457,-0.962763,37.607618,57.398642,57.282963,8.400000e+07
-0.947887,0.717248,1.751326,164.266539,77.399431,-46.547905,8.400000e+07
-0.991661,0.467866,0.369880,-194.970476,-67.479101,365.057277,8.400000e+07
-1.024133,-1.480199,-0.013388,-180.288616,105.382585,-118.599216,8.400000e+07
-4.033508,-0.125054,-0.390708,-165.317009,-57.910378,90.605771,8.400000e+07
-0.533243,-1.142455,1.888210,-112.277083,-138.525203,-38.212593,8.400000e+07
2.266467,-3.991186,-0.693753,109.708948,-7.068745,-205.413899,8.400000e+07
-0.161084,1.430909,-3.186780,-192.984480,-26.773371,187.141737,8.400000e+07
-0.251137,-3.914175,3.163584,20.997082,-62.923715,50.245531,8.400000e+07
-0.146001,-1.086089,1.679347,-119.456090,7.566289,-337.785872,8.400000e+07
1.514819,-2.993620,-2.648834,43.432308,198.786549,66.818059,8.400000e+07
2.387153,-1.765959,0.716506,160.921472,-132.546290,-43.087471,8.400000e+07
-2.006318,-0.774308,-2.050150,-190.604966,-273.252011,222.384826,8.400000e+07
-1.671768,0.994254,-0.910561,-124.317894,-65.263385,107.444326,8.400000e+07
-5.900671,2.657428,3.341395,8.327896,-73.713117,-48.692759,8.400000e+07
3.133814,0.322300,5.079534,113.718101,83.421567,-124.219528,8.400000e+07
-1.453919,4.026991,-0.226920,-119.716104,-40.671689,19.735397,8.400000e+07
2.274362,1.648735,-0.405251,26.376460,-5.391347,42.132977,8.400000e+07
0.056148,-8.316139,0.734464,-68.852505,-62.446025,-4.689606,8.400000e+07
-5.422509,1.317021,-1.905921,-50.130141,44.015939,123.985475,8.400000e+07
-1.927669,0.899619,-0.195152,-16.990503,22.143925,-85.580151,8.400000e+07
3.955819,-1.071013,5.551393,-109.081540,-118.705164,37.535525,8.400000e+07
0.996238,-0.176659,1.188651,104.149644,-17.419757,54.631949,8.400000e+07
2.069148,6.358335,3.725064,-146.023398,-105.725937,67.052183,8.400000e+07
1.553081,4.493387,-0.586441,-90.993164,121.452525,202.332304,8.400000e+07
2.075760,0.758075,2.469128,-195.274203,-165.952744,162.058176,8.400000e+07
-3.016299,-2.144479,3.540869,47.983287,-58.995319,-192.648106,8.400000e+07
-3.010795,1.746583,-1.100257,-96.623687,96.922697,-139.265434,8.400000e+07
-0.414706,-3.300221,3.250017,24.272928,19.840786,-133.793011,8.400000e+07
3.304293,-1.649837,1.749572,133.912251,-1.348629,129.967629,8.400000e+07
-0.090877,-0.198096,-4.951355,-21.858004,-30.512118,25.546387,8.400000e+07
4.265150,-0.619449,-3.265042,105.083639,20.753695,4.796103,8.400000e+07
1.122109,-2.640782,1.905544,43.945925,-1.917647,47.126497,8.400000e+07
-0.232322,-0.677480,-1.261695,-118.354377,-148.835628,-168.249800,8.400000e+07
-4.978575,4.623059,0.105082,-5.854069,93.232703,-83.459469,8.400000e+07
-0.308448,-1.704676,0.806618,-254.841187,137.604015,-153.757959,8.400000e+07
1.904895,-1.719466,-1.157239,102.400266,49.234219,-175.638728,8.400000e+07
-0.625674,0.485587,-1.604626,374.439315,151.524983,-36.050450,8.400000e+07
-1.629893,-0.311352,-3.368647,54.339256,199.897135,-239.275525,8.400000e+07
5.162202,-3.850631,-2.850887,-34.878359,-17.672175,83.518246,8.400000e+07
-3.972212,-2.420543,-6.789602,50.534659,178.598074,-95.110094,8.400000e+07
-1.812613,-1.135001,-1.184388,54.302935,295.650569,-61.342472,8.400000e+07
2.224544,0.822506,-1.962581,-28.606435,-143.823425,-89.062554,8.400000e+07
-2.108741,-1.064834,-1.077646,81.373957,-162.263639,78.326482,8.400000e+07
0.062480,-2.245594,-0.853040,86.673526,-72.385619,197.926761,8.400000e+07
4.330620,-2.233075,1.460355,127.631854,-150.348426,112.170925,8.400000e+07
4.153088,1.865281,-0.295488,13.762012,82.163176,-214.549057,8.400000e+07
0.071607,-0.329456,1.780617,230.023008,143.321489,-173.794353,8.400000e+07
-0.745875,-0.854602,0.197553,-64.709242,-149.298578,-173.125252,8.400000e+07
3.637942,8.145002,-0.580847,-46.957663,-0.743011,-75.910567,8.400000e+07
-0.376746,-2.872700,-0.555274,72.941675,247.808654,-154.933643,8.400000e+07
-1.326849,-1.714196,-2.549494,137.886912,108.272135,0.222398,8.400000e+07
-1.040059,1.139639,1.127188,-430.295743,-30.016119,33.095754,8.400000e+07
-1.701450,1.095672,1.717199,79.346452,155.710998,86.590006,8.400000e+07
3.013930,-2.365458,0.176482,32.254070,-13.429436,-33.253048,8.400000e+07
0.060822,2.309901,2.104558,-37.220999,-303.324112,-89.066400,8.400000e+07
-1.800253,-3.016756,1.932606,-12.860844,-180.598131,-20.579238,8.400000e+07
0.612155,4.091008,1.887911,-280.782094,-232.708208,127.101492,8.400000e+07
1.110984,1.101018,-1.215785,-131.507529,-14.265816,347.602026,8.400000e+07
1.311852,-6.429080,3.067882,-37.345098,-64.600688,-4.605417,8.400000e+07
5.157891,0.694091,2.340229,-30.002730,-22.496212,-18.090402,8.400000e+07
-3.127991,-1.341200,4.262664,-65.212518,20.707472,-118.217482,8.400000e+07
-1.173447,-3.502990,-3.942954,-131.239002,-147.821465,-203.591062,8.400000e+07
-2.903260,1.823742,2.593559,-57.758212,74.434639,-17.527073,8.400000e+07
-1.651907,-0.545353,-2.070055,61.660247,56.967646,-200.793556,8.400000e+07
-3.293638,-3.768653,2.261474,45.275450,80.395078,-101.912709,8.400000e+07
4.125429,-6.064162,-0.243340,-51.242875,28.805447,40.729986,8.400000e+07
-0.596551,2.479678,2.603607,32.267981,62.399976,-111.602577,8.400000e+07
-2.052677,0.884825,0.222631,80.692522,39.916670,58.401745,8.400000e+07
0.510742,-1.369852,2.144091,-501.759678,2.830157,8.050147,8.400000e+07
0.519489,-2.720013,-1.695878,-23.232694,78.260081,137.889585,8.400000e+07
-1.409719,-0.267577,-0.066122,-329.633329,81.111677,42.728206,8.400000e+07
2.037062,-2.551712,1.592793,-29.789381,317.610424,10.922883,8.400000e+07
-2.743164,-0.443279,-1.779304,64.683144,47.683871,-87.248791,8.400000e+07
0.725267,2.537466,-2.009452,-80.697342,129.986677,-103.156488,8.400000e+07
-3.058737,0.111224,3.395300,-53.697311,27.309641,-230.069158,8.400000e+07
1.220174,2.180077,0.893115,63.381193,-15.120727,-167.101881,8.400000e+07
-4.000357,-4.310671,-2.484613,-18.570929,195.344905,-231.527547,8.400000e+07
-5.220083,2.391904,-0.682020,-112.177436,39.432249,269.679199,8.400000e+07
-1.726039,-3.782224,1.071936,-44.688990,-84.593895,-32.431422,8.400000e+07
-2.848891,-0.541669,-0.140454,80.861994,115.860672,-100.793293,8.400000e+07
-0.073039,0.506594,-0.272379,243.218848,42.704285,-220.036231,8.400000e+07
-1.111677,0.031683,-2.469760,152.490974,-81.610843,300.027671,8.400000e+07
-1.227214,-0.074172,-0.416916,11.784267,-111.945454,78.968938,8.400000e+07
-1.752291,-1.649596,-4.923331,-15.527367,22.976199,0.542106,8.400000e+07
-0.924916,2.071726,0.059884,274.476544,-104.095049,-82.039799,8.400000e+07
0.355437,-1.168148,0.753021,31.046165,-71.335381,102.453928,8.400000e+07
1.987752,3.353333,1.073929,40.086216,65.973430,143.986462,8.400000e+07
-1.781390,-0.649138,1.211187,-69.611425,46.210425,-87.905012,8.400000e+07
0.092663,-4.232281,0.986551,117.728259,162.419453,69.791591,8.400000e+07
-3.562360,0.905780,-1.697344,-13.822133,41.848141,51.116443,8.400000e+07
1.863020,5.067543,1.486942,35.441534,-64.550658,239.289446,8.400000e+07
2.630844,1.531414,-2.973562,60.505682,-368.180027,-41.613470,8.400000e+07
-2.863212,-0.383120,1.660679,41.820620,26.265348,-21.996547,8.400000e+07
-2.607886,2.064778,-1.519821,154.895083,-33.037892,49.354678,8.400000e+07
-2.826040,1.241154,0.371460,-128.366214,-54.581956,-22.866934,8.400000e+07
-2.999919,-4.253379,0.817142,-53.070610,-154.938656,-1.412845,8.400000e+07
2.765328,-0.145449,-0.242038,75.596795,-26.273219,202.215516,8.400000e+07
3.312952,3.530354,1.160784,67.683078,100.103200,-28.299278,8.400000e+07
1.457867,1.832893,2.508365,107.614147,2.397440,82.634900,8.400000e+07
-2.259283,0.711867,0.086238,179.676103,94.848855,-26.249356,8.400000e+07
2.458960,1.423823,-1.495859,-193.838249,6.116474,91.676467,8.400000e+07
2.478930,-3.565596,3.220886,-143.482344,66.537932,346.417316,8.400000e+07
1.959112,-3.441942,3.597651,36.430177,-100.286826,7.793218,8.400000e+07
-1.050067,0.977732,1.533997,-162.864724,-47.737579,46.624367,8.400000e+07
-1.292731,-2.644845,-0.659449,25.717343,-122.820233,116.758731,8.400000e+07
3.237343,3.651735,2.773603,57.978703,-160.427115,81.220380,8.400000e+07
0.570552,-0.893893,-2.299517,4.051023,-118.765272,197.594069,8.400000e+07
-4.130656,0.051630,1.995678,-250.054965,30.744417,63.248882,8.400000e+07
1.568060,-0.220623,-0.509921,194.500864,-255.878766,141.260553,8.400000e+07
0.755320,-0.623765,5.014593,73.600386,34.061403,-2.075175,8.400000e+07
2.572957,0.395009,3.160356,113.411965,139.138701,-83.781955,8.400000e+07
-4.234755,1.179576,0.615168,307.931443,148.038676,205.363181,8.400000e+07
-2.254118,4.459451,-2.609627,63.095067,18.365778,30.083864,8.400000e+07
-4.875970,6.844298,-2.208433,31.352007,123.014394,47.425957,8.400000e+07
1.910601,-0.296541,0.329915,-149.445719,21.202667,158.388918,8.400000e+07
2.768809,1.376807,2.226453,-153.681897,-54.847653,-23.165559,8.400000e+07
3.591483,-1.494147,7.239005,-3.900618,-31.056384,-83.909645,8.400000e+07
3.647584,1.117825,0.783929,197.955175,-23.446443,-205.051065,8.400000e+07
-2.254488,-0.287500,-0.969848,105.041589,135.575395,48.809740,8.400000e+07
0.776225,1.757988,-2.667019,-78.182894,35.313792,-31.760307,8.400000e+07
-1.400443,-2.180810,0.149720,31.656825,109.385888,-44.445214,8.400000e+07
-0.955175,-0.047445,2.924390,101.284785,-5.862259,-75.285287,8.400000e+07
-1.801702,-2.481307,-1.057030,78.943287,-61.945693,-57.236421,8.400000e+07
-0.958665,-0.750242,2.393865,-186.339879,-406.976209,-115.884163,8.400000e+07
-4.109507,-1.534821,2.971065,18.110204,-55.980387,45.704651,8.400000e+07
-5.200410,-0.219716,-3.889347,35.859208,-159.405301,16.348557,8.400000e+07
-2.135464,-0.241711,-0.289212,-192.984802,34.726372,386.120415,8.400000e+07
-5.472681,3.167973,2.049659,-41.558155,-15.453499,-163.542330,8.400000e+07
3.299161,-1.612306,1.910001,-20.809174,108.317628,-128.373627,8.400000e+07
-3.053225,-1.290343,0.583206,-52.894062,18.330613,-117.272416,8.400000e+07
-1.951711,3.262631,2.363021,-5.156466,79.192367,-151.272684,8.400000e+07
-1.270701,0.990790,-0.764360,-108.597099,-153.607756,-40.102612,8.400000e+07
1.023183,-0.300688,-2.132418,16.408598,13.359596,82.672298,8.400000e+07
-0.208292,-0.454269,0.095732,327.577528,113.699291,-181.932241,8.400000e+07
-6.588451,2.286671,2.898490,9.206862,-24.896441,53.425556,8.400000e+07
1.875757,-0.508319,-1.262051,25.183118,24.676882,210.176442,8.400000e+07
-1.198191,2.821103,6.405095,-125.591230,151.003755,10.669836,8.400000e+07
-0.664623,0.409919,-0.702130,-235.608432,105.304955,308.906920,8.400000e+07
-0.841889,0.817268,1.275888,21.367934,43.255549,-168.447177,8.400000e+07
1.104740,-2.373103,3.995842,-124.720017,-169.995575,-47.151591,8.400000e+07
1.424555,-0.983655,0.520435,72.005927,88.623805,101.240090,8.400000e+07
4.198694,2.389702,0.147370,357.118044,148.197644,79.065292,8.400000e+07
-0.222723,6.781128,1.438042,45.929155,60.410438,-67.480813,8.400000e+07
-4.029406,0.281527,0.034768,159.535036,150.480037,179.143198,8.400000e+07
0.876322,-0.511494,5.460313,-48.247450,82.338118,-26.582258,8.400000e+07
3.501819,-1.730786,4.822263,14.326537,-147.319830,-130.457121,8.400000e+07
0.072550,3.750444,-0.165443,-17.932571,-287.132471,-31.334398,8.400000e+07
1.878708,3.730794,0.035546,77.126905,-95.673407,56.650255,8.400000e+07
2.120668,-3.053456,0.405993,105.406159,91.970429,-56.885385,8.400000e+07
1.852561,2.217188,2.117243,-52.248333,-119.617591,-37.310690,8.400000e+07
-6.119814,2.975645,2.384326,-174.260528,32.108876,-84.868393,8.400000e+07
-0.417970,2.036392,-0.397376,-237.083327,170.484458,164.299409,8.400000e+07
-2.580410,2.504303,1.776001,-64.397732,67.538796,-117.844115,8.400000e+07
5.328910,-1.486438,3.330837,83.917364,166.909145,118.648446,8.400000e+07
1.012336,1.393979,-3.333781,-142.834524,360.866786,-186.312700,8.400000e+07
-2.457113,1.485198,-1.982365,-145.420159,-35.685748,-56.420871,8.400000e+07
-2.494620,1.925900,6.013221,107.543014,118.003671,-55.534289,8.400000e+07
2.722661,0.795974,-0.349289,-89.737219,-174.823611,-231.522885,8.400000e+07
0.823169,-0.466122,5.260128,125.141624,156.232939,163.598839,8.400000e+07
-1.179231,-0.716276,4.184427,93.276899,172.852909,107.866418,8.400000e+07
6.312846,4.001423,-1.728886,14.978463,20.955217,-49.881084,8.400000e+07
0.923263,2.158421,0.510194,-33.043458,-160.284424,-124.476775,8.400000e+07
3.852888,1.957874,1.512373,170.464647,-136.372946,116.618835,8.400000e+07
-1.331947,2.986849,-1.466890,3.445588,132.275943,-137.550248,8.400000e+07
-2.951476,-3.935207,2.565796,-72.979582,12.540165,-93.449729,8.400000e+07
-0.857205,0.281501,-2.886421,275.911469,-79.955548,25.472371,8.400000e+07
-0.794812,2.035873,3.692075,-86.877776,-53.200273,41.809681,8.400000e+07
4.536693,-3.861227,-3.749583,62.949075,34.228992,-33.832596,8.400000e+07
1.398423,-1.899214,3.609147,-139.988328,-18.150689,12.475162,8.400000e+07
0.955996,-2.408831,-0.884204,-120.723975,20.506145,-53.911181,8.400000e+07
1.029587,-4.276378,1.771737,-105.152041,0.344193,110.336947,8.400000e+07
1.622409,-0.805957,-1.470820,151.594494,-353.201946,-196.611092,8.400000e+07
-3.329753,-4.277265,5.113024,48.013712,-35.290521,37.413965,8.400000e+07
-0.618448,1.136862,-1.642047,-106.360334,-154.064021,-54.243748,8.400000e+07
2.473834,2.058046,2.570558,27.478663,-222.435343,-57.385309,8.400000e+07
0.040040,-1.856973,5.131715,42.660421,82.765828,-80.189046,8.400000e+07
1.973377,-1.124103,-0.553173,-124.316681,-44.902634,111.328719,8.400000e+07
-0.655931,0.622754,1.835401,245.125766,-45.246941,-78.089538,8.400000e+07
-3.068241,2.973025,-4.202380,15.414173,-111.479366,34.305936,8.400000e+07
-0.670708,0.156679,-4.274631,-40.518783,64.341615,-121.556542,8.400000e+07
-3.778430,-1.679004,4.267863,-114.390978,99.416372,42.647183,8.400000e+07
-2.706628,-3.564452,1.550844,78.172999,-11.166039,-90.298283,8.400000e+07
3.475729,-3.526953,4.061603,37.734200,-33.148194,-1.526255,8.400000e+07
-0.252859,2.256341,0.941637,-108.119487,-68.220659,133.362378,8.400000e+07
-1.113809,-0.431978,2.624316,74.464352,-88.504762,-212.900896,8.400000e+07
-1.449352,1.906477,-1.418693,182.841951,-17.465911,9.198903,8.400000e+07
-1.441712,-0.726314,-0.173944,-27.489006,165.519690,128.142505,8.400000e+07
-1.111772,0.140174,-0.342852,-97.014040,-199.238440,-275.876874,8.400000e+07
4.294020,-1.084545,0.158664,105.476758,1.917686,140.190243,8.400000e+07
5.937658,-0.045606,3.280122,-13.779487,65.967274,5.214875,8.400000e+07
1.464153,1.523433,-1.992605,-195.730301,19.949325,202.859879,8.400000e+07
0.348109,-2.261563,-0.940600,130.276832,104.403788,152.419047,8.400000e+07
-3.562948,2.286206,1.192001,-137.494572,76.648559,55.939158,8.400000e+07
1.185414,1.351872,-0.462352,43.258714,-16.702378,-261.714607,8.400000e+07
1.794160,-0.647411,-1.216828,50.767924,-128.414175,-187.018037,8.400000e+07
-1.285599,2.769426,-5.069405,156.863597,67.791661,-54.199563,8.400000e+07
-2.310301,1.116037,2.591699,136.776668,-33.602419,103.932369,8.400000e+07
0.496576,5.520292,0.113974,242.391573,-209.110052,77.174670,8.400000e+07
5.049342,-0.716568,1.740298,-196.936000,117.233369,-16.717673,8.400000e+07
4.098109,-1.986152,0.055407,87.770898,166.727831,64.385405,8.400000e+07
-0.343412,1.795366,-0.347027,219.926616,-44.849342,-312.861876,8.400000e+07
-0.690108,-0.974574,4.028065,130.794737,75.133588,-7.544172,8.400000e+07
1.251434,-1.748250,-1.708748,-162.994980,162.181007,98.488819,8.400000e+07
-0.039277,-1.776871,3.345253,122.485416,-38.441231,-156.548454,8.400000e+07
1.685403,0.551481,-0.893086,46.865524,-150.199470,-25.500453,8.400000e+07
-3.630236,-3.297790,3.623961,137.269247,-39.516177,42.609271,8.400000e+07
1.091519,2.495911,4.167009,-24.610919,17.735776,82.585261,8.400000e+07
-1.079822,1.379049,1.887232,-12.060522,175.831173,72.164269,8.400000e+07
-0.743697,-1.036006,-2.170479,-140.796195,-92.917730,219.659037,8.400000e+07
-1.148710,1.979804,-1.664555,71.208703,44.821520,-195.747168,8.400000e+07
-1.482934,-2.575678,4.102161,44.739078,-35.460854,-10.442959,8.400000e+07
-0.662632,-0.152104,-8.098357,30.927885,-10.357370,-46.320401,8.400000e+07
-4.263664,0.242872,0.170470,122.537375,249.027970,-5.822808,8.400000e+07
-2.987211,2.982480,-1.232687,44.079640,147.224099,283.211794,8.400000e+07
2.608625,0.148528,1.151418,-106.471418,-41.632547,-138.736991,8.400000e+07
0.853445,0.639619,1.915107,110.010799,-26.898039,-422.632822,8.400000e+07
0.435808,1.132760,2.387521,-235.763005,-205.564626,89.360860,8.400000e+07
2.270148,0.558421,-0.277483,-52.091637,-61.363336,143.860506,8.400000e+07
-1.254879,-1.244870,0.559637,251.616798,177.103358,56.269097,8.400000e+07
-1.194816,-1.478686,1.971016,60.369860,85.344628,-142.235667,8.400000e+07
0.059408,-1.639950,1.699730,128.613437,120.394919,74.692672,8.400000e+07
-2.573594,-4.218476,-3.023663,20.209669,-148.491912,-25.874484,8.400000e+07
5.205856,0.809745,1.086323,195.357009,106.094984,-103.762977,8.400000e+07
0.596433,1.897873,2.826789,27.037729,178.498664,-54.192347,8.400000e+07
-2.767256,-1.719496,1.475935,10.474653,-145.362634,-236.713320,8.400000e+07
-3.405364,1.066670,0.983231,52.374957,-15.642342,-80.637358,8.400000e+07
-1.809927,-2.231635,-1.107377,0.663283,-80.215070,99.888065,8.400000e+07
5.496884,1.783331,-1.273831,34.668866,59.217415,-29.693021,8.400000e+07
1.126097,-0.627224,0.290235,-123.940789,-88.673180,116.363756,8.400000e+07
-3.140321,-0.169582,3.699824,-0.084297,-80.993726,-85.257012,8.400000e+07
-0.934797,1.399861,-1.118841,-101.544978,22.017810,-9.672069,8.400000e+07
0.955234,-1.601373,0.923126,-9.478999,186.954524,-267.602340,8.400000e+07
0.261366,0.741238,0.667955,-146.588632,427.524985,171.825861,8.400000e+07
0.806985,0.808349,0.001337,238.504936,-53.386486,274.635614,8.400000e+07
1.771717,-0.357585,3.598131,-11.799727,15.269829,-84.374356,8.400000e+07
-0.419622,2.808331,-0.783251,323.318346,-120.690436,-68.032580,8.400000e+07
0.895191,-3.341968,-2.217806,-213.981494,-35.408214,247.797262,8.400000e+07
1.028546,2.461754,-2.282164,-10.124450,-49.662007,-95.643264,8.400000e+07
0.385379,0.357714,-2.096933,98.157318,-98.615489,45.378826,8.400000e+07
-1.878773,-1.483296,-1.560930,-125.963351,-57.425268,41.615917,8.400000e+07
-2.768423,0.179652,3.433203,-37.936585,186.877371,67.050825,8.400000e+07
0.155833,-0.122346,1.281727,178.676039,-98.470861,-42.210766,8.400000e+07
1.743250,6.096866,-1.889989,0.378045,-72.341250,-36.490254,8.400000e+07
0.169196,-0.720600,-0.606113,304.020704,210.857114,80.608524,8.400000e+07
-4.819362,5.082835,0.870931,-27.520781,-113.957879,114.884075,8.400000e+07
-4.385084,1.379599,1.484630,159.955403,32.306382,-185.254882,8.400000e+07
1.621413,1.118348,-2.549559,116.895934,62.653242,18.729112,8.400000e+07
0.252395,2.554027,3.703104,15.884994,-203.327631,-46.861085,8.400000e+07
0.607405,0.228145,-2.424903,-3.493076,-34.304416,-5.879304,8.400000e+07
-2.775103,4.242081,0.084853,23.750114,129.664310,-0.734288,8.400000e+07
-5.082242,-3.445917,3.123239,102.177291,-82.977471,-13.741339,8.400000e+07
2.678765,0.530700,5.103264,-69.590102,211.483851,38.813279,8.400000e+07
-2.655858,-3.047355,8.776623,58.958911,-39.165911,66.849329,8.400000e+07
4.937189,0.469230,0.039843,117.896518,82.399411,-43.627799,8.400000e+07
1.122607,1.461516,-1.302006,-88.088368,-5.256116,343.831166,8.400000e+07
-3.104430,1.799748,-1.277422,-221.286350,-10.441188,81.065427,8.400000e+07
0.543104,-2.608302,-1.781726,-66.623910,18.813711,-167.251755,8.400000e+07
1.115469,2.056051,0.494410,-271.246550,-314.608753,102.634241,8.400000e+07
0.107778,2.822018,-0.258463,-36.927113,143.308368,-13.599373,8.400000e+07
-2.229503,0.414219,4.024872,-136.484411,-15.696243,-151.728673,8.400000e+07
2.324815,-1.038519,3.040688,-200.099198,-134.005845,-92.737459,8.400000e+07
0.192624,-1.052293,-1.450231,111.489570,328.356958,-75.704822,8.400000e+07
3.478242,-2.691682,-0.496642,27.889207,-77.479498,75.372582,8.400000e+07
0.647907,-2.631766,-0.100545,-220.409167,-105.928012,-3.774013,8.400000e+07
-3.972452,0.779487,0.975041,-210.111594,-3.969601,-64.741469,8.400000e+07
4.757293,2.478256,-0.168678,-104.849989,-8.517490,-36.807706,8.400000e+07
1.297780,4.992296,-0.764688,35.491383,74.151652,-298.800071,8.400000e+07
1.465145,-1.940560,-0.279647,32.297461,-150.984387,53.670699,8.400000e+07
-1.060749,0.574349,0.696501,319.653143,-94.324138,-284.800688,8.400000e+07
-0.566277,6.532843,1.842380,-85.071241,38.719135,66.471883,8.400000e+07
0.737544,-4.318224,-2.925432,-49.603311,-165.641234,-44.605490,8.400000e+07
7.690851,-0.825196,-1.509602,13.482640,-42.440887,34.437480,8.400000e+07
-0.761620,-0.075921,3.367116,-102.575522,-168.093001,-38.967078,8.400000e+07
-1.033173,2.907271,0.834913,198.642401,59.826664,4.153252,8.400000e+07
-2.237839,-1.364075,-1.451695,150.420461,59.188253,12.574018,8.400000e+07
2.258613,-0.852949,0.882138,227.193271,299.629901,1.576475,8.400000e+07
0.673965,-3.462998,-1.531768,-96.463371,-161.329440,-172.065897,8.400000e+07
-0.062054,1.633079,-3.628374,119.908193,-12.841913,-75.077622,8.400000e+07
-2.418220,0.856132,-1.623930,-174.361703,-24.191077,-345.392106,8.400000e+07
-1.318124,-1.722571,5.406589,36.737039,111.640391,103.355511,8.400000e+07
-2.670495,-2.350002,-0.120645,106.511522,-61.325610,-412.848871,8.400000e+07
2.678541,1.673647,-0.228511,-31.016934,-133.849097,-29.422929,8.400000e+07
0.386217,-7.824410,1.056442,-9.234475,-71.415263,-16.353493,8.400000e+07
-5.587564,-3.294145,-2.552331,10.299597,-66.145210,-11.849818,8.400000e+07
0.324707,2.059173,-2.568868,-50.886882,-82.272556,-39.970119,8.400000e+07
-4.798357,3.806707,-2.093735,41.976966,-34.342989,136.116744,8.400000e+07
-0.562643,-1.324459,-0.952676,227.036103,-138.107959,-201.492418,8.400000e+07
-0.584168,-5.395879,1.400920,-0.989023,-81.545099,156.489333,8.400000e+07
0.739375,-0.615170,-5.253284,51.410727,22.968643,-113.044841,8.400000e+07
-1.369696,-5.695923,2.489960,5.222366,-52.770191,31.999029,8.400000e+07
-0.858837,-0.613868,1.652095,-189.201006,136.632174,397.758536,8.400000e+07
1.877934,1.485363,3.633328,-25.752911,22.495358,88.309989,8.400000e+07
-1.310038,-0.920397,0.540537,-434.588724,-57.588488,-149.376673,8.400000e+07
-0.770553,1.909227,1.462841,-64.303678,-121.700816,61.805691,8.400000e+07
-5.831417,0.688806,4.102127,19.176554,-31.065130,-66.375692,8.400000e+07
0.591236,-0.065264,-1.801021,67.973329,-78.875827,-74.527480,8.400000e+07
-3.735956,-1.692770,-3.834236,74.956268,-0.485772,7.615920,8.400000e+07
-1.841082,-2.098717,1.017094,181.801655,81.079408,-173.174329,8.400000e+07
-0.364354,-1.096025,-0.824007,83.160675,167.091738,91.140484,8.400000e+07
1.449259,-2.901893,0.485507,-39.490908,5.721720,-38.175936,8.400000e+07
2.089994,-4.592671,-5.073315,179.385454,147.516921,6.802462,8.400000e+07
-1.601859,2.761259,-7.193947,-138.571077,29.718197,68.131170,8.400000e+07
-2.329941,-4.884082,-0.138016,-110.712902,-165.634146,69.823451,8.400000e+07
1.104507,4.420863,-2.459439,-26.994017,93.718697,10.331492,8.400000e+07
5.361865,1.130410,-0.050407,-28.381684,51.670844,164.919367,8.400000e+07
-2.205908,-1.114236,0.040794,-207.004783,-78.602687,81.280392,8.400000e+07
0.367010,-0.631727,-0.059072,20.274409,-147.751847,-23.913306,8.400000e+07
-1.933610,4.500983,0.818287,-146.803538,-69.053426,196.196471,8.400000e+07
0.992733,-1.573345,-2.560223,133.140716,142.012042,-306.595861,8.400000e+07
-2.902810,-2.068388,-3.250147,76.467321,163.350205,161.896325,8.400000e+07
-1.859494,0.851574,-1.680699,-366.644329,-115.199406,-129.611010,8.400000e+07
-0.059160,-5.452815,-3.780646,-3.355507,29.589812,80.413449,8.400000e+07
-1.963027,-4.024252,0.552201,37.344708,-7.293447,195.534261,8.400000e+07
-0.792318,4.869763,-1.643968,-33.545708,-127.726975,6.755152,8.400000e+07
1.330490,-3.576130,-2.008677,-43.686238,313.284593,282.002850,8.400000e+07
-1.712637,-1.464824,2.313981,97.107212,143.176857,-246.778615,8.400000e+07
1.059345,0.765255,-0.799184,-47.385406,48.783299,-0.565409,8.400000e+07
3.473883,-2.441858,4.329272,17.687591,-128.448839,93.319433,8.400000e+07
-2.665452,4.947410,-3.115212,54.987765,28.620327,26.441746,8.400000e+07
-2.200601,-0.594235,5.260870,14.130514,-30.551983,193.088485,8.400000e+07
4.824290,1.678325,0.168485,119.813849,-129.324697,-65.150128,8.400000e+07
-1.664452,3.642712,-1.167405,-82.116529,142.184672,139.956815,8.400000e+07
-1.848204,-2.400286,1.553611,61.598938,108.526052,-107.738989,8.400000e+07
-2.233410,0.531149,-1.638460,76.724837,-108.996047,152.742458,8.400000e+07
-1.099768,-1.942487,0.651061,98.717241,-10.720755,-216.526451,8.400000e+07
2.629967,-4.388639,0.111690,4.480434,-168.748803,-103.496171,8.400000e+07
-0.581252,-1.865164,-0.311284,-73.646122,82.370461,35.166669,8.400000e+07
3.114703,1.191910,-3.874403,-137.133169,2.550206,66.733078,8.400000e+07
-1.605164,-1.066157,2.301128,-7.672394,48.913728,299.944517,8.400000e+07
-4.503265,2.975788,-3.273276,18.517786,90.094440,93.725843,8.400000e+07
-1.993877,-0.056694,3.492527,44.843503,143.615774,-61.096690,8.400000e+07
-1.688417,-2.247217,-6.220143,39.693901,43.196360,-37.108047,8.400000e+07
-2.343695,-1.567176,1.067909,84.552850,86.027331,-75.305557,8.400000e+07
-0.481984,1.579824,6.072921,-2.131121,24.426176,-59.407187,8.400000e+07
-6.766183,1.225994,-1.394134,-85.680125,-6.369864,-87.016622,8.400000e+07
-0.534207,-0.210344,-0.548497,52.185193,96.065403,363.447448,8.400000e+07
2.039632,-0.042438,1.210833,-214.129791,82.690636,99.698216,8.400000e+07
1.226190,0.746837,-1.456400,120.246253,-132.541117,-292.454149,8.400000e+07
1.163385,2.276214,-1.231912,175.873703,-183.628012,186.541382,8.400000e+07
3.226092,0.585608,-0.712353,-138.149792,7.714852,235.872594,8.400000e+07
-2.495233,2.055888,-1.496671,-83.839087,-104.989122,222.137919,8.400000e+07
0.586233,-0.574976,-1.728801,38.593301,-80.854552,92.899187,8.400000e+07
1.042440,-2.784697,-2.280062,-153.632518,-74.049898,20.099585,8.400000e+07
1.377210,2.692676,2.008437,19.844092,15.245756,-53.849022,8.400000e+07
2.681279,3.097504,1.649841,181.936188,61.497679,50.615217,8.400000e+07
-3.625039,2.658413,2.226685,-250.389475,-72.258436,-84.173709,8.400000e+07
0.696251,-3.417901,-0.613536,-239.674117,212.560695,-0.469259,8.400000e+07
4.680573,1.650331,2.570068,51.503384,0.677563,-23.769287,8.400000e+07
-3.898564,-5.297745,-3.691724,-68.634346,114.094849,54.748492,8.400000e+07
-0.579894,1.161897,4.196283,-59.443188,-92.118312,200.871525,8.400000e+07
-2.988209,0.815877,-0.520444,168.204752,215.091507,16.154434,8.400000e+07
0.658996,-0.661336,1.897282,40.071827,-29.735703,-105.729878,8.400000e+07
-0.642831,2.386654,-1.236513,-9.628640,112.503377,118.002217,8.400000e+07
1.761755,-2.727348,-3.584544,-95.814171,-126.560347,62.013359,8.400000e+07
4.857582,3.296453,-4.141898,-87.034236,11.627251,91.204891,8.400000e+07
1.448245,-2.719236,1.261952,-108.727854,-106.023577,172.375308,8.400000e+07
1.595797,-2.219353,-1.740400,-46.847490,7.782216,60.256864,8.400000e+07
-2.183807,4.349932,-4.625664,158.557725,-48.531041,-43.556849,8.400000e+07
-2.278501,-2.054464,1.237050,73.332106,129.758553,104.461367,8.400000e+07
2.888698,0.327544,0.812873,184.436066,27.796312,-192.277054,8.400000e+07
3.013810,2.590699,1.196423,47.900616,-256.030741,-125.621186,8.400000e+07
-2.506230,5.330976,1.325659,5.296133,186.211933,117.276237,8.400000e+07
1.708784,2.189103,1.556080,58.541431,-4.038457,344.020869,8.400000e+07
-4.016816,-0.614630,-1.693384,-117.246789,-141.486165,-160.425983,8.400000e+07
-0.050374,0.960096,0.620738,-60.798186,34.340407,-202.134634,8.400000e+07
3.108187,2.009650,-1.400013,90.008165,-157.112634,186.963431,8.400000e+07
-2.146967,-1.238664,-2.407374,92.862357,4.997416,-113.541540,8.400000e+07
-2.009629,-0.756197,0.342100,-110.878580,-116.054541,104.519659,8.400000e+07
-0.684898,-3.541326,2.156617,126.581096,-15.834205,76.279843,8.400000e+07
1.812555,-1.236656,-1.660086,99.930586,-65.129561,-39.507166,8.400000e+07
1.599901,1.270884,0.818363,-258.738997,42.487665,350.042057,8.400000e+07
2.051266,1.402235,2.521284,-142.910265,46.830403,-36.871315,8.400000e+07
2.621725,-0.215625,1.992166,270.431899,29.000176,67.461916,8.400000e+07
0.679812,-0.952082,0.223792,-39.210486,2.389315,161.322566,8.400000e+07
4.913543,-0.080804,3.011765,52.364614,60.620204,-236.234483,8.400000e+07
0.932098,-0.996015,2.970163,174.463235,-22.163381,-244.893004,8.400000e+07
5.077308,-1.520278,0.518017,86.449223,179.054330,-134.930473,8.400000e+07
-2.689973,2.583731,3.753477,-135.414927,-101.451603,133.848446,8.400000e+07
-0.862256,1.544958,-3.580093,1.789061,-23.522303,70.781357,8.400000e+07
0.301206,-4.648025,-1.035822,-22.569277,9.609977,2.833455,8.400000e+07
0.351761,-0.800139,3.029152,-41.133811,-107.458959,-243.241301,8.400000e+07
-1.375482,1.308215,-6.100945,-64.199198,-76.839389,15.164872,8.400000e+07
5.043863,4.260622,1.984812,-53.839464,0.919733,208.882626,8.400000e+07
2.250271,-3.863339,2.763329,-9.007546,-6.928987,-35.659134,8.400000e+07
3.802186,0.576858,-2.597927,85.520881,-212.448350,85.108584,8.400000e+07
1.793709,-2.237829,3.028125,-180.396476,95.222391,2.840677,8.400000e+07
0.429615,-1.690324,-1.337868,-78.532983,-270.482384,-202.786145,8.400000e+07
-2.441563,0.786919,3.808098,-56.540653,-203.345388,83.039733,8.400000e+07
-2.674682,-0.654822,2.036537,35.580059,-19.096714,9.116942,8.400000e+07
0.527220,-1.562988,5.286934,-25.175113,-39.224413,-56.836273,8.400000e+07
-3.014630,2.613579,-0.988593,117.571800,-10.781819,-92.274145,8.400000e+07
2.799793,0.669725,4.458350,9.349131,125.148178,5.013397,8.400000e+07
1.803608,4.500251,4.922588,-170.016169,28.122694,-68.870721,8.400000e+07
-1.336051,-2.712530,0.300556,-24.702672,-319.510941,35.680752,8.400000e+07
0.504558,2.315270,1.680051,2.188989,-110.565175,197.804533,8.400000e+07
1.488502,-1.727171,-0.946835,96.118728,116.221092,-281.178208,8.400000e+07
-2.337673,-5.007951,2.757192,6.777215,-119.235712,-170.962806,8.400000e+07
2.417405,0.469960,3.469998,182.015502,-58.958990,24.971507,8.400000e+07
0.309549,4.377161,-2.036327,0.410952,-0.709657,154.710685,8.400000e+07
-0.072940,-1.213168,-6.676372,-82.861978,91.879870,-19.172095,8.400000e+07
-0.511351,1.749480,2.468181,-154.968920,-225.747701,-146.874838,8.400000e+07
0.372401,3.687978,3.904608,-5.460580,72.214669,29.843634,8.400000e+07
-2.827762,1.117038,-1.845561,-54.409874,81.934257,327.626124,8.400000e+07
0.371647,2.302915,0.709158,-174.322098,-38.670511,-3.736409,8.400000e+07
2.570281,5.701202,-3.086560,88.921649,70.208053,-125.505674,8.400000e+07
5.407692,1.253502,-0.946001,-102.278965,63.544513,-189.257086,8.400000e+07
1.532434,4.515568,4.050787,92.531791,-69.444283,131.224699,8.400000e+07
3.431229,-1.404271,0.295105,-39.455532,-94.777692,73.724831,8.400000e+07
-0.778608,-1.047107,-1.173525,137.105196,-120.369909,-50.629817,8.400000e+07
-0.086614,4.301838,-5.812119,0.554479,48.591209,-24.563628,8.400000e+07
5.021461,1.845592,-3.783575,161.916631,95.279261,7.736302,8.400000e+07
0.054785,-3.690544,0.082223,55.425612,143.730324,146.140119,8.400000e+07
2.265442,-3.825618,3.668065,57.940127,235.904920,184.685462,8.400000e+07
-0.396510,0.165956,-0.609173,1.212992,263.526461,-331.157469,8.400000e+07
2.741672,0.291676,-0.402812,110.739453,-147.745150,-50.405670,8.400000e+07
-0.268546,-0.756728,-2.333799,-96.933639,-231.901746,-114.952290,8.400000e+07
-3.097381,2.479442,-2.583422,193.094656,-5.637805,-0.258298,8.400000e+07
-0.826266,3.922932,-1.030353,-243.770759,-182.440050,123.162465,8.400000e+07
-1.021368,0.490734,2.926278,53.302827,-257.461894,177.310896,8.400000e+07
-4.889656,1.408994,1.074231,-150.328995,37.260094,275.824688,8.400000e+07
2.436878,4.059238,-2.545890,22.045927,74.761472,49.029202,8.400000e+07
-1.252101,2.082466,1.070079,304.525754,263.044728,25.471544,8.400000e+07
4.278923,2.059603,-0.055244,109.635453,-112.972933,14.073035,8.400000e+07
-1.706290,-2.278506,-1.244052,-60.586041,130.529641,-1.694251,8.400000e+07
-2.532081,-1.653985,-0.173645,41.587653,-134.593491,-102.521201,8.400000e+07
-1.658438,0.378547,-2.215470,-7.014030,-26.516498,107.930510,8.400000e+07
0.312782,2.979011,0.216170,-78.877178,-6.086774,10.677834,8.400000e+07
-1.031668,-1.109669,1.029755,-207.424463,10.895964,88.784395,8.400000e+07
-4.592688,-1.967054,4.251850,-60.062875,46.528046,23.255878,8.400000e+07
1.975829,-3.975953,-1.245013,91.424638,120.313434,-33.117155,8.400000e+07
-2.210287,4.295444,-4.228483,102.469034,-58.861548,-50.950607,8.400000e+07
-0.395428,-0.334730,-2.381457,-304.334594,49.713477,97.048218,8.400000e+07
4.835444,-3.261451,2.388320,-49.681015,14.614822,-40.851728,8.400000e+07
1.143745,2.371042,-0.497018,75.543293,182.907888,-199.852200,8.400000e+07
-1.099074,1.818911,1.976063,-3.172495,-36.943833,20.786827,8.400000e+07
-2.708556,1.151084,-1.381732,-310.952555,188.883981,29.407716,8.400000e+07
0.883226,4.342683,-0.047744,-18.323309,73.765023,56.339789,8.400000e+07
0.172754,-0.887337,2.055055,252.174864,51.427027,-86.476845,8.400000e+07
1.336370,-0.345831,-1.018424,119.646500,37.730374,107.259831,8.400000e+07
2.395061,2.899497,-5.842845,217.229648,27.483386,-0.017921,8.400000e+07
0.806551,0.335614,-1.409026,206.617738,-198.018693,-44.077553,8.400000e+07
5.075534,-0.704339,-1.172830,159.384699,-130.415381,-15.646879,8.400000e+07
-3.818300,-0.358174,-1.765640,150.450237,-128.336844,138.658216,8.400000e+07
-1.915095,-3.995649,-4.011143,144.366430,-122.946310,-65.259582,8.400000e+07
5.900643,-2.355394,2.147868,33.323300,-53.428712,46.089499,8.400000e+07
2.067701,-2.562587,-5.527775,-21.187329,-61.980271,43.655066,8.400000e+07
0.721529,-0.915734,0.112674,184.060866,36.051648,-91.881074,8.400000e+07
0.303955,-1.450300,-0.258925,94.060274,105.068662,-23.592503,8.400000e+07
1.788366,4.359441,-1.734922,-179.003397,204.162909,-48.900322,8.400000e+07
-6.399211,-1.748302,3.559492,145.999908,-2.409804,-107.332346,8.400000e+07
1.169791,-3.917642,-0.486099,114.768414,108.853107,106.997941,8.400000e+07
-0.635700,-1.592370,0.646375,154.160410,-60.023509,137.877698,8.400000e+07
3.101494,0.319657,1.351504,-231.512056,303.743623,-123.584551,8.400000e+07
4.169721,2.867182,-0.550115,28.809204,27.289928,-225.818662,8.400000e+07
0.262281,0.208454,-1.456825,-215.449156,31.316529,23.241307,8.400000e+07
3.440392,0.392736,-1.799492,65.007537,15.151496,73.996246,8.400000e+07
1.303840,4.625889,1.961235,-69.068223,-86.303348,-51.845004,8.400000e+07
-2.767954,3.553188,-0.428079,41.214064,-132.866048,-66.799008,8.400000e+07
5.585616,-4.269205,1.705103,37.957063,-74.316217,-26.537066,8.400000e+07
2.153053,-3.477023,-0.495453,-222.632750,-3.535040,188.366607,8.400000e+07
3.383376,-2.412380,-1.171410,-49.694052,-10.226587,71.958827,8.400000e+07
-2.644727,0.347757,0.121038,-188.195840,-36.036034,168.421816,8.400000e+07
2.900351,1.365597,-3.860847,-11.784222,114.104474,160.465744,8.400000e+07
7.121920,1.169455,-4.649875,79.149293,19.198122,-44.600414,8.400000e+07
-2.365539,3.005468,6.911779,116.854114,-6.813845,-13.955778,8.400000e+07
6.770126,-4.249767,-0.832389,-67.366139,101.839033,-91.256632,8.400000e+07
-2.993210,-3.195940,4.620797,-82.021383,1.726164,38.847993,8.400000e+07
0.503482,1.640070,3.405734,78.518591,62.221015,-273.014843,8.400000e+07
-2.758988,0.616713,-2.107388,-32.956080,-117.576167,-530.897567,8.400000e+07
-1.779790,-1.966109,-2.840756,-36.576350,200.862599,136.638038,8.400000e+07
-0.302446,-0.842150,4.163913,28.463663,-91.344782,-7.167953,8.400000e+07
2.790931,-1.730395,0.605558,-7.738985,-193.922532,-188.634407,8.400000e+07
-0.894720,-0.548907,2.287708,-92.925057,11.188478,-80.235780,8.400000e+07
4.088491,-4.575114,-0.064539,-29.297838,74.973388,73.507026,8.400000e+07
1.085652,4.861044,3.995411,-68.936223,21.186583,-45.246703,8.400000e+07
-2.072890,0.935772,0.587987,89.990646,14.878838,291.194663,8.400000e+07
0.395737,-4.048325,-1.755159,59.610821,137.575753,-60.639137,8.400000e+07
3.711318,0.040963,-0.470215,125.933290,-42.733321,-174.487009,8.400000e+07
3.900135,0.371386,-3.232233,-102.236783,33.597406,-47.549866,8.400000e+07
-2.690038,2.915596,-1.960431,-98.774856,-192.816032,-269.674862,8.400000e+07
1.019294,3.451612,1.523036,-141.753587,58.421293,-183.739637,8.400000e+07
4.324204,-2.625620,3.481171,3.698888,50.671566,-3.625604,8.400000e+07
1.604975,-8.437917,1.909538,-76.890348,-46.704332,-73.402717,8.400000e+07
5.673246,-0.282728,0.976148,52.296656,33.692745,196.622503,8.400000e+07
1.816314,3.069918,-1.857915,-151.572789,69.862513,-143.771023,8.400000e+07
-0.333370,-3.366695,-1.355220,151.601909,-185.295954,2.751050,8.400000e+07
-5.889117,-0.311209,-1.558152,128.653159,-88.355104,19.695024,8.400000e+07
-0.177049,-1.562918,2.688590,-113.457510,-34.331836,-92.039454,8.400000e+07
-0.870005,-1.475271,-4.764632,-1.878007,-116.152029,-33.494195,8.400000e+07
-3.519687,0.097304,1.251122,131.005927,-23.469970,23.746969,8.400000e+07
4.349334,-2.222719,-1.369751,78.012572,17.499210,87.800426,8.400000e+07
2.776959,1.271713,0.714207,85.627446,39.071354,-93.169762,8.400000e+07
0.957742,-2.543898,-1.383712,-273.189564,-38.347198,-20.108831,8.400000e+07
-2.025874,0.773272,0.846375,-94.698052,-169.576196,-36.127379,8.400000e+07
1.343307,-1.946556,-3.611521,60.000961,38.542105,-18.352067,8.400000e+07
-0.843619,2.023458,1.957006,15.870904,208.189713,17.587930,8.400000e+07
3.253282,1.150815,4.140459,71.293134,84.570676,78.117910,8.400000e+07
-6.842960,-1.911025,2.213937,-102.719730,47.136173,28.933686,8.400000e+07
4.674933,2.022018,0.657079,160.650799,-7.029016,-131.373674,8.400000e+07
-1.258202,-0.525486,0.288160,13.314156,-189.321342,20.981253,8.400000e+07
0.441239,1.520215,-2.970861,-97.647626,56.965101,67.435179,8.400000e+07
-1.692375,-1.359894,-1.996812,46.625842,64.933094,206.186736,8.400000e+07
-5.958531,1.848546,0.110655,66.034497,-37.510728,-101.155388,8.400000e+07
-0.664238,-2.232462,-0.214878,-17.691661,90.556698,322.850174,8.400000e+07
-1.092259,-3.148128,-2.032151,-22.198086,-119.670597,187.621308,8.400000e+07
3.340066,-3.768188,3.185132,39.552991,11.767141,110.608891,8.400000e+07
1.597788,-1.735474,-4.083306,-108.781282,58.920306,-105.305737,8.400000e+07
-1.675457,5.099912,3.529241,-31.498024,-37.717093,-132.458209,8.400000e+07
1.945850,-0.018345,0.307799,-162.801653,188.778267,63.571550,8.400000e+07
1.081342,2.038549,-1.041932,-89.876168,-20.767525,-231.273455,8.400000e+07
-0.777768,-1.639952,-7.992727,59.138991,27.552834,-85.194708,8.400000e+07
1.125959,1.473561,1.193904,84.173105,57.722572,-64.831983,8.400000e+07
2.267473,2.224375,-0.214750,-158.849551,-5.389721,-356.088982,8.400000e+07
-1.114125,1.688076,-0.367912,-96.401980,205.326663,-209.386617,8.400000e+07
-4.829468,-2.377562,2.701872,-259.423200,96.389587,169.491525,8.400000e+07
1.191357,3.219786,-2.246728,200.297503,208.373433,-18.168240,8.400000e+07
1.484926,2.259361,4.634067,-187.374146,83.919770,-63.869514,8.400000e+07
3.099093,-0.214422,1.429397,-75.645186,-27.266632,178.691988,8.400000e+07
-3.189058,4.717382,-1.069635,107.528555,-0.264153,219.297368,8.400000e+07
-1.650913,2.025205,-3.861351,-191.361234,63.192174,-29.593188,8.400000e+07
0.693995,1.777180,-2.030636,96.045744,-85.129063,-246.023443,8.400000e+07
1.638766,2.789300,0.373534,-13.533002,256.452298,-153.195819,8.400000e+07
-3.159507,0.707442,-0.453669,315.716592,130.550171,-212.496397,8.400000e+07
-2.492274,-2.069632,2.028888,14.680715,4.464682,-20.414471,8.400000e+07
-5.022274,-1.200750,-2.659593,-10.565729,90.526501,32.205395,8.400000e+07
0.631823,3.390834,0.416848,82.864996,-130.607632,230.631358,8.400000e+07
-0.977685,-2.711690,0.392223,-94.801783,-186.987059,124.666555,8.400000e+07
2.252763,-2.086076,2.709306,-129.421311,79.832152,-170.691099,8.400000e+07
0.352402,-1.838630,-2.258033,-11.743996,-353.180698,-31.101693,8.400000e+07
0.457693,0.170160,1.046262,161.328509,-184.007200,83.148075,8.400000e+07
-5.669351,2.772329,4.582471,0.949788,3.424748,-95.209448,8.400000e+07
-2.169260,2.194790,-4.414410,-185.139970,-236.300665,-2.174096,8.400000e+07
3.961170,1.380777,-2.348900,-18.104630,-3.932698,-42.157886,8.400000e+07
-0.295956,0.075600,0.073605,78.398765,-108.260293,-259.725877,8.400000e+07
6.964307,0.826226,5.535528,89.174992,97.586633,18.959882,8.400000e+07
-2.825928,0.939455,-1.816868,87.065613,303.437790,-39.962524,8.400000e+07
-0.499064,-2.375392,2.310534,36.749081,-118.825850,-89.292916,8.400000e+07
-2.692891,-1.001032,0.724282,-166.680088,-160.325097,473.130868,8.400000e+07
-1.015720,3.192131,-2.314555,168.220630,101.128504,-44.409768,8.400000e+07
-0.759068,-2.245759,-2.893586,-127.586225,-68.632306,87.470446,8.400000e+07
-7.545831,2.532383,-4.149927,87.985408,-16.689682,-19.964670,8.400000e+07
-3.167438,-3.967200,2.832260,72.217020,129.915469,-147.403051,8.400000e+07
-2.255235,-1.376826,-0.188179,-287.376854,-52.210945,-222.622805,8.400000e+07
3.162641,3.175247,-0.836718,-78.817775,-209.396640,-105.587999,8.400000e+07
2.051494,1.837129,-0.495960,87.065245,-374.311607,-201.449803,8.400000e+07
0.554918,-1.535933,-2.984891,-23.142665,90.321719,-140.290321,8.400000e+07
2.031636,-2.732371,0.420792,-125.971433,11.271122,-236.774700,8.400000e+07
3.182639,2.306118,0.135809,81.681815,-74.513908,14.704494,8.400000e+07
-4.062419,-0.724155,-0.925569,-39.204968,-117.185799,-22.841947,8.400000e+07
-1.222759,1.946039,0.658201,238.520993,-120.396104,139.980255,8.400000e+07
-2.826881,-1.049018,1.423708,83.062366,126.432057,-201.402157,8.400000e+07
2.936931,-0.630722,2.548134,-83.867773,111.113869,-97.124090,8.400000e+07
-1.549869,-1.947595,-1.507144,34.047435,-196.454148,101.286137,8.400000e+07
1.417582,-2.766476,2.276903,26.792036,72.321766,166.189468,8.400000e+07
-2.301438,-2.144598,3.532673,-284.259523,-14.294954,80.118890,8.400000e+07
1.941974,-3.054719,1.553148,-74.283986,-112.123237,169.892092,8.400000e+07
-5.580732,2.378702,-3.269341,-54.712988,37.785001,2.383815,8.400000e+07
-2.771755,-0.167559,-3.386951,-171.022444,-104.767881,43.081754,8.400000e+07
0.333239,-3.639647,1.049188,-34.390915,169.118129,-54.661796,8.400000e+07
-5.169747,0.633648,-3.217608,-37.926453,23.253800,-39.717661,8.400000e+07
2.329496,0.470761,-3.951803,142.937831,179.983265,28.427797,8.400000e+07
-1.935855,-0.152299,-2.979043,-41.296696,152.729126,105.522996,8.400000e+07
-2.014011,3.987844,-2.045171,67.505473,72.782007,85.897182,8.400000e+07
-3.427219,1.243178,-1.665928,175.559885,-60.423762,-216.154314,8.400000e+07
-3.212054,-4.057132,5.444961,177.327295,-14.356052,80.984018,8.400000e+07
3.179863,-1.504834,0.671734,-79.181085,92.215482,97.923903,8.400000e+07
-3.117670,0.407815,-4.215306,33.254650,118.099063,-38.000006,8.400000e+07
1.742994,-0.928125,5.670800,45.837036,-114.331849,-3.409140,8.400000e+07
-2.476179,3.436206,-6.257026,167.493482,90.487647,73.085675,8.400000e+07
-1.502040,0.060117,-1.612011,66.436586,214.918459,207.710111,8.400000e+07
0.542718,-0.339546,2.285921,-204.634185,213.208435,-23.867008,8.400000e+07
0.315004,-0.455126,-2.374781,143.285016,88.465746,24.876087,8.400000e+07
-0.058234,-0.348802,-2.772853,-170.207290,-148.135730,-192.245268,8.400000e+07
3.010986,-1.835320,0.234137,-183.291290,-9.590640,258.598431,8.400000e+07
-0.893513,2.742624,1.125865,-73.191443,37.663482,-62.574429,8.400000e+07
0.946429,1.787295,-0.296183,-133.709816,-306.525982,96.546747,8.400000e+07
0.598166,0.514291,-2.622767,-38.872962,-109.805745,-273.317542,8.400000e+07
0.322158,3.655231,-2.530438,73.922620,-70.887036,216.096289,8.400000e+07
4.882137,-0.880901,2.465557,-31.622617,107.319592,137.669603,8.400000e+07
-2.630138,-0.243523,3.475337,-33.184940,75.143396,60.586983,8.400000e+07
2.409006,-0.109340,2.929014,84.417055,229.464183,82.078265,8.400000e+07
-2.301476,-4.910642,2.595198,130.104428,-41.850253,-199.622006,8.400000e+07
2.258423,-3.089566,-1.450536,132.268866,-158.918416,-14.460404,8.400000e+07
2.667252,2.325710,0.251597,286.336530,-40.207503,-172.091985,8.400000e+07
1.095614,0.910936,-0.459465,450.511209,172.945608,35.420778,8.400000e+07
-3.631537,0.601937,-2.251311,64.835646,-80.004019,-70.947691,8.400000e+07
0.489338,-4.243323,2.836102,87.335140,-185.775376,80.225166,8.400000e+07
-0.638056,2.574554,-0.083433,-71.183733,-49.036286,-57.090260,8.400000e+07
-2.228465,-1.609630,-4.794496,-182.441611,-24.925567,-24.386627,8.400000e+07
-1.832473,0.215596,-0.007206,83.939351,11.811439,131.899796,8.400000e+07
1.015869,2.010918,-1.743177,-8.850259,-334.922657,59.829097,8.400000e+07
2.058954,-1.142480,1.044530,-66.120178,-298.174312,16.928987,8.400000e+07
-5.018417,-2.620878,1.350439,-48.308430,-2.453520,-87.526400,8.400000e+07
0.274918,6.694449,-0.129390,-11.206034,45.606513,-106.871092,8.400000e+07
-4.487193,1.763731,-3.721988,128.668843,75.170343,-36.287442,8.400000e+07
-1.501939,4.988763,0.141998,-27.980366,-82.485607,-175.801779,8.400000e+07
-3.111015,0.900512,-2.750848,252.596349,45.440846,-138.996023,8.400000e+07
-1.134832,1.219765,0.745346,132.288535,-240.119233,178.562977,8.400000e+07
0.494119,1.175248,0.908994,327.704407,-105.113856,11.421194,8.400000e+07
7.211710,-1.779208,0.272022,-51.387169,60.304823,-143.342842,8.400000e+07
-1.283704,-2.856967,4.098998,-196.695956,-48.072961,71.851979,8.400000e+07
2.718496,-1.015738,1.986621,-48.678717,-176.229830,-175.900476,8.400000e+07
-1.460806,0.536929,1.550541,114.171173,346.466280,109.134736,8.400000e+07
2.520629,-0.691442,-0.831172,-45.920355,237.864213,-22.250299,8.400000e+07
1.047331,-0.980703,-0.841545,89.312839,8.030036,272.614204,8.400000e+07
6.404097,1.093814,-4.956482,-43.928533,27.363859,-31.679021,8.400000e+07
1.207903,-1.517719,3.095114,-36.044095,161.869936,-173.249895,8.400000e+07
-4.373695,4.047720,4.436812,66.054512,26.323499,64.940627,8.400000e+07
0.062547,-9.464343,-1.669898,15.724590,-5.413045,9.939949,8.400000e+07
-1.195761,-0.372869,-2.702536,49.295672,333.999608,24.797723,8.400000e+07
-2.662324,-1.044118,-0.843989,-102.146953,-41.406476,327.408318,8.400000e+07
3.575236,0.193282,-7.848241,-30.605745,-34.752597,-8.852470,8.400000e+07
4.714171,0.513705,3.488018,-36.398419,-13.736038,79.297542,8.400000e+07
-0.127694,-0.242906,2.366714,80.198176,180.745914,-4.841234,8.400000e+07
2.794667,-0.232568,-1.510679,94.711970,37.124304,32.829970,8.400000e+07
-3.100024,-0.807257,-5.466310,140.549856,-19.151080,-61.467696,8.400000e+07
0.491865,0.348734,-1.402082,-173.752000,9.644363,16.328341,8.400000e+07
0.595928,0.505540,-5.962379,-46.989726,-168.771267,8.327505,8.400000e+07
-3.679102,2.743863,1.243092,94.585794,-93.711371,1.585974,8.400000e+07
-5.003271,1.281762,-0.249012,16.679945,129.897316,-1.219109,8.400000e+07
1.524384,4.729197,-4.098430,-34.440742,123.195924,-86.570024,8.400000e+07
0.221239,-0.470556,-1.145176,-11.076457,15.640852,160.136812,8.400000e+07
-2.011093,-1.084505,-2.618446,-16.620850,145.747315,109.964815,8.400000e+07
-3.902679,-3.862495,-0.176785,-76.893730,-198.001452,-53.831061,8.400000e+07
2.887250,0.438103,-6.296501,-72.579019,144.301751,128.394810,8.400000e+07
5.943381,0.653452,0.036140,7.706835,-54.577280,-17.874943,8.400000e+07
0.919080,5.137290,4.410451,-16.704458,-8.576954,241.126322,8.400000e+07
0.487481,-1.075045,1.525271,255.413999,-192.939605,268.182746,8.400000e+07
1.618434,-2.825989,-2.295616,135.820418,-116.013072,-19.985108,8.400000e+07
3.272822,-0.475593,2.232642,91.041764,-68.925042,-172.589569,8.400000e+07
-4.845054,0.838427,0.815183,122.216816,162.909199,-105.752243,8.400000e+07
2.970574,0.594759,-0.253428,-15.343470,-109.416804,-36.460359,8.400000e+07
-3.557994,0.159493,3.191279,24.319053,218.949844,-28.952820,8.400000e+07
-0.028380,-3.664264,5.059679,30.218745,28.684827,146.625868,8.400000e+07
-1.679979,2.802273,1.639596,45.418438,-106.047324,-29.250330,8.400000e+07
-0.437495,-1.371007,-3.758538,22.337519,125.130389,154.455576,8.400000e+07
-3.825369,-1.079617,2.693641,-368.588144,58.428763,132.369415,8.400000e+07
-2.175679,-0.324538,-2.689777,7.147207,115.671688,167.175386,8.400000e+07
-1.185792,-1.416727,-0.034137,-146.562341,134.460848,-160.575931,8.400000e+07
2.837960,-1.905959,0.073364,86.561972,-151.726840,-46.012354,8.400000e+07
-1.499191,-2.817104,1.884097,62.307376,188.322051,-85.830160,8.400000e+07
-1.389523,0.167865,-4.530990,-22.676627,11.450757,-3.597843,8.400000e+07
-2.098040,5.723902,0.771574,-56.155286,-66.807868,-28.844740,8.400000e+07
1.072867,2.544485,1.466776,-75.668295,247.008163,19.985508,8.400000e+07
-1.291019,5.962934,-0.019545,132.967485,-104.251329,-92.083430,8.400000e+07
-1.022873,3.415056,-0.710987,53.037921,9.854685,56.393009,8.400000e+07
1.893854,-1.978272,-1.713810,-263.343752,-40.102441,-78.124430,8.400000e+07
0.103676,-4.522957,-4.269970,90.083206,-102.765854,-18.811294,8.400000e+07
-0.589875,3.876186,-1.060871,109.771770,114.787564,-252.427700,8.400000e+07
-2.922278,2.198087,0.827406,-86.629719,281.457388,-21.835564,8.400000e+07
1.185049,-2.566641,-3.907255,194.520527,-53.445992,201.308154,8.400000e+07
-3.818097,-0.807996,1.274256,-15.908220,267.873882,170.547822,8.400000e+07
-1.622294,-6.402405,-2.941261,-36.659498,167.773480,-14.244687,8.400000e+07
-1.225680,6.173115,-3.867725,42.275568,110.110119,-79.087119,8.400000e+07
-0.141160,-1.531746,4.679420,88.975105,293.656580,91.047308,8.400000e+07
-0.649259,-0.786236,0.744696,-121.754106,-146.018437,-150.923432,8.400000e+07
-1.110388,-4.714255,-0.505111,-147.460636,28.577550,-11.654014,8.400000e+07
-3.393931,-0.275516,-1.476934,75.604340,29.475194,-61.136142,8.400000e+07
-1.072382,3.688946,2.654785,-289.837469,91.277206,-27.638849,8.400000e+07
2.008015,-0.130058,-1.659685,46.650277,-118.971555,-221.428446,8.400000e+07
3.271533,-0.213329,0.402124,182.547894,35.963291,-23.749047,8.400000e+07
-1.409638,-3.848015,2.668399,-25.070741,-132.960870,120.218717,8.400000e+07
-0.141026,0.182648,5.693153,49.676677,-57.088949,-59.320837,8.400000e+07
-2.884492,-2.225106,1.018623,21.094252,217.194946,-20.641725,8.400000e+07
-0.228386,-2.573350,3.163343,-22.770391,-63.416805,168.186704,8.400000e+07
2.447583,-3.197222,-4.187233,-31.091309,-122.078218,200.421194,8.400000e+07
-2.782175,-1.376009,1.831156,29.374986,-248.833605,-32.247062,8.400000e+07
-0.685618,-3.342274,0.566527,99.257047,-180.129191,69.038373,8.400000e+07
-1.995345,2.553565,-2.261563,-67.933812,67.480483,78.589246,8.400000e+07
-6.669220,-5.746634,2.477967,-17.397056,-44.001869,-62.432946,8.400000e+07
-2.262207,3.844241,-2.537589,-38.449866,-212.594930,17.551658,8.400000e+07
1.224193,-2.414949,2.987629,89.908304,-9.490841,33.380210,8.400000e+07
-0.740002,2.361851,4.799361,164.152295,-4.632725,130.796320,8.400000e+07
0.879139,1.469380,-1.354565,41.733832,-98.517429,-49.964285,8.400000e+07
-1.852185,2.475852,-2.694958,-242.694628,131.358335,-146.561502,8.400000e+07
-2.021547,3.331871,-0.792368,155.952049,10.352706,-184.481195,8.400000e+07
3.503781,2.920261,0.436745,-62.825125,73.219325,23.876527,8.400000e+07
0.289174,-2.882050,1.400562,-141.361991,117.953177,-39.160186,8.400000e+07
-2.367761,-5.433298,-1.632612,61.342758,151.051453,65.162168,8.400000e+07
3.897115,-1.208552,-0.548660,-140.399391,-210.847521,-272.984865,8.400000e+07
3.743230,0.099132,2.083143,189.144345,-181.548831,-109.868305,8.400000e+07
-1.389693,-0.749564,2.402909,-130.731466,65.279895,99.817245,8.400000e+07
1.366710,-2.687257,-1.683621,77.218022,-120.293497,37.954301,8.400000e+07
2.717561,0.415731,2.407238,21.040884,119.000647,-121.311509,8.400000e+07
-2.582717,1.367684,2.715588,169.406466,198.617250,91.994560,8.400000e+07
-0.502282,-1.876756,0.949511,-42.291411,82.197295,158.824222,8.400000e+07
4.659544,1.852747,0.647425,-19.004300,-138.077614,192.709276,8.400000e+07
1.015705,-1.111347,4.326024,-10.059403,13.439252,139.094806,8.400000e+07
3.318354,3.068840,-0.984138,-249.996611,-216.231758,-89.565264,8.400000e+07
2.987585,2.895046,-0.389860,-174.572681,39.283973,132.834189,8.400000e+07
-0.444122,-2.486605,-3.712606,156.541026,-36.299568,124.217862,8.400000e+07
2.739350,-1.494087,3.404482,60.370193,93.029336,-139.117687,8.400000e+07
-2.008524,1.016173,2.702536,86.563927,-23.470577,-114.933355,8.400000e+07
0.318513,3.903594,-1.825147,63.968754,-74.153435,-101.826872,8.400000e+07
4.249970,1.079411,-2.870969,104.917957,-283.721040,-119.935850,8.400000e+07
2.677051,0.829966,1.924907,-16.271351,158.010567,161.251326,8.400000e+07
1.693313,5.230675,-0.050354,-108.024605,173.667941,32.698929,8.400000e+07
1.181928,-0.484027,3.687667,39.584725,52.714484,278.828895,8.400000e+07
0.001882,-2.116091,-1.960357,88.702244,-138.681546,-74.307891,8.400000e+07
-0.017087,-0.623286,-5.610499,28.294818,140.648506,-81.674575,8.400000e+07
1.237713,-1.697345,-1.034410,-51.506643,56.832918,209.541330,8.400000e+07
-3.514984,-0.859625,2.807031,-64.428167,234.067345,-8.372546,8.400000e+07
-0.807692,6.516843,-3.997617,-49.930598,12.567868,12.262980,8.400000e+07
-1.564352,-1.492458,5.010913,-22.167106,-127.820579,145.892189,8.400000e+07
-2.304690,0.165183,1.435000,-123.209884,255.833115,207.178198,8.400000e+07
-3.220953,-1.154982,0.253610,-166.808108,-78.542853,152.319019,8.400000e+07
-1.059814,2.486956,1.772801,105.127050,-12.151749,119.693581,8.400000e+07
-2.036945,-1.302411,-2.983973,264.614316,-68.245506,-160.923799,8.400000e+07
-1.414529,-0.565974,-0.673955,-9.680603,109.502795,153.360270,8.400000e+07
3.875192,-3.540979,-0.137559,120.096875,-50.048896,33.364529,8.400000e+07
0.949958,-0.486146,3.037409,31.680869,77.014159,262.251516,8.400000e+07
0.883330,3.206630,0.884045,80.133603,154.933284,87.543883,8.400000e+07
1.893801,1.666294,1.314711,-97.490741,-15.506452,-104.805872,8.400000e+07
3.560821,1.641123,-0.401566,213.992469,216.415291,94.928343,8.400000e+07
3.023171,1.106715,3.180519,-133.602672,-49.527623,254.771295,8.400000e+07
0.929999,-1.926180,5.548282,-66.033647,101.642256,65.455661,8.400000e+07
-0.791785,2.778755,-0.473628,109.834708,-92.050856,-80.875410,8.400000e+07
3.027357,-5.104950,-0.695678,31.945570,-68.866061,-19.090250,8.400000e+07
-4.086190,3.562211,-5.877928,-122.251163,-63.055197,62.598946,8.400000e+07
-3.804892,-3.004195,2.496663,94.329544,-49.272492,-61.164077,8.400000e+07
-1.744345,-2.187714,1.790987,-74.323691,79.283754,60.066458,8.400000e+07
5.329100,-3.098799,-4.457737,-25.396645,-8.365766,-13.485479,8.400000e+07
0.819553,-1.863837,1.621516,-101.203821,-40.974016,42.105808,8.400000e+07
4.234249,-4.324096,-2.292933,-84.767605,-17.780430,164.534193,8.400000e+07
2.127973,1.608729,2.899568,-12.406088,-161.429371,-78.545576,8.400000e+07
0.261157,0.447106,1.283756,-132.747085,-154.458727,-46.826883,8.400000e+07
-5.408851,3.367074,-2.782649,14.336273,-84.610732,-11.372068,8.400000e+07
1.342638,5.310670,0.208478,-44.211605,6.382404,-66.158108,8.400000e+07
-4.747598,1.206273,0.039171,12.289057,-29.762483,119.803897,8.400000e+07
-1.782748,0.770459,-3.143083,-28.560623,189.071314,124.198349,8.400000e+07
-5.261956,-0.213618,-5.718287,5.750517,48.879310,-10.875407,8.400000e+07
2.630375,0.020889,1.873608,128.371454,199.218854,206.158836,8.400000e+07
1.068854,3.202981,2.279969,-255.364863,62.532800,-54.781019,8.400000e+07
-2.454887,-2.204632,-0.885770,169.193220,130.947032,17.943728,8.400000e+07
-1.812497,4.321643,2.290874,-32.549535,45.807938,105.032745,8.400000e+07
-0.982813,1.965087,-0.964195,110.706806,-89.631384,82.047475,8.400000e+07
0.275331,0.505628,-0.075882,109.787831,404.591363,192.180473,8.400000e+07
3.671494,-3.021071,-2.519326,201.590770,-232.921640,-39.817651,8.400000e+07
2.909657,0.370018,-1.851048,32.042797,-15.705386,106.556844,8.400000e+07
1.043472,1.997954,3.115993,39.098182,225.710395,38.768384,8.400000e+07
0.207060,1.150631,-1.577610,107.255102,60.058577,158.307085,8.400000e+07
0.823069,-1.571551,-1.714322,-68.599794,-213.166040,-35.432921,8.400000e+07
1.399993,-4.315310,0.068640,-25.694173,-50.101052,-172.253785,8.400000e+07
1.275352,1.758679,0.365888,196.201361,-59.513429,-87.986456,8.400000e+07
-2.521754,-2.100837,-6.370267,104.160077,-90.667796,-58.902089,8.400000e+07
2.553466,0.068818,1.802275,-165.392536,122.526807,15.224493,8.400000e+07
2.993796,-1.590314,1.590447,129.552135,86.820363,-12.920933,8.400000e+07
-2.245844,3.103990,0.502603,-270.256218,167.794413,464.490084,8.400000e+07
-2.641509,1.687663,3.372209,28.127982,-106.948283,123.057584,8.400000e+07
1.114040,-0.329009,-0.174518,-30.243653,-217.122746,-50.284163,8.400000e+07
-2.586475,-3.949793,0.582287,-100.014469,-139.808041,111.402949,8.400000e+07
-2.262059,-2.677120,-3.146973,123.856630,-39.394352,-66.170027,8.400000e+07
0.109586,-2.877417,-3.411732,-34.449681,42.584729,-70.138802,8.400000e+07
-0.702619,0.039350,6.535143,-11.193987,151.016515,-134.458210,8.400000e+07
-1.977994,-0.327325,3.339371,13.000050,-148.089830,259.086133,8.400000e+07
-1.871389,1.814063,2.490671,15.419630,34.307150,-31.227018,8.400000e+07
-0.384693,-5.211861,-1.451506,120.632148,-74.857089,-185.807367,8.400000e+07
-2.174038,-4.537069,2.502104,22.166673,140.614399,-130.268937,8.400000e+07
3.590795,-0.659415,1.001561,-12.727447,-143.113013,120.067316,8.400000e+07
0.451883,-0.777565,3.373612,-93.768597,63.700132,27.103549,8.400000e+07
0.555220,-4.423264,1.770247,-170.086839,-49.912438,-86.282166,8.400000e+07
1.079923,-2.010193,-0.354347,-128.235140,-294.559791,80.247959,8.400000e+07
3.280979,-0.194431,0.996108,72.833684,-204.657984,61.967431,8.400000e+07
4.661658,-0.200380,2.419322,-100.504366,71.889275,-209.075872,8.400000e+07
-2.833404,-1.779246,1.375597,14.304126,8.369023,127.849055,8.400000e+07
5.770616,-0.350080,2.536953,102.197606,-43.034046,-128.942802,8.400000e+07
-0.901646,5.008831,4.379699,-74.769299,-19.736094,-48.368699,8.400000e+07
-1.103980,0.249155,-3.262776,140.987992,295.913652,-45.538900,8.400000e+07
-2.326563,-0.701207,3.875120,-37.792458,148.114048,-43.219409,8.400000e+07
4.230611,6.402079,-0.485542,-66.551646,-76.510065,-4.858427,8.400000e+07
-1.696212,2.248705,3.001978,-100.011613,235.968945,-70.647751,8.400000e+07
4.028438,-1.573238,-4.764694,-11.271391,-89.956037,16.833616,8.400000e+07
-2.807372,0.409901,1.408963,154.855683,51.572021,20.106550,8.400000e+07
-5.624275,4.758121,0.814685,8.705995,-59.105384,88.857641,8.400000e+07
3.496996,1.183827,-0.745348,-41.284697,25.309149,-25.458669,8.400000e+07
2.668894,-4.586989,-0.795169,109.371906,-18.043261,82.919238,8.400000e+07
0.330410,1.129116,-3.910683,63.487262,90.186034,230.351651,8.400000e+07
4.451177,-0.853540,1.376796,-0.013905,-13.565565,86.667379,8.400000e+07
1.566373,3.346335,1.116999,-79.911340,96.236546,-106.281786,8.400000e+07
-0.284278,3.504098,1.888521,-68.664844,-164.568763,222.282883,8.400000e+07
-2.823307,-0.650205,-0.915376,100.539741,-120.189128,155.956316,8.400000e+07
-2.476017,-0.460464,3.082910,-109.074677,-73.875259,-27.629648,8.400000e+07
1.325296,-1.877484,0.367771,-24.822204,293.004750,37.344450,8.400000e+07
-2.772511,3.837664,-5.136151,-22.333733,34.903538,89.840138,8.400000e+07
-1.052867,3.154891,-2.508742,141.172708,83.189798,-264.377327,8.400000e+07
0.098841,0.592130,-1.812273,391.877598,172.944445,-234.801197,8.400000e+07
-2.087570,-5.113229,-1.585469,-90.636616,11.597313,139.145426,8.400000e+07
1.387706,1.751439,0.618579,-76.691576,-183.094066,36.147297,8.400000e+07
-1.472365,-1.901812,1.598031,207.937487,72.423370,321.561933,8.400000e+07
0.862674,2.082919,3.404438,-94.181291,-124.915710,-19.091886,8.400000e+07
-1.076382,0.289809,4.297353,-217.361221,-14.922642,-54.062679,8.400000e+07
3.488349,-2.100768,1.986722,84.098600,171.758582,-251.894541,8.400000e+07
0.584320,-1.081415,1.299511,256.964050,-55.684490,-117.230497,8.400000e+07
0.956489,-0.425339,2.700437,-244.900362,58.043032,92.559864,8.400000e+07
-1.199604,-1.953518,-0.293353,40.607584,-199.521040,105.812094,8.400000e+07
-0.669230,2.360536,-0.002136,-337.403742,-152.175487,-166.530192,8.400000e+07
2.523359,2.431750,-0.684032,-120.717469,149.561988,66.954584,8.400000e+07
-0.319733,5.101805,-4.557204,12.856011,98.851967,-170.268626,8.400000e+07
1.679510,0.269056,-1.124213,237.233366,211.403748,-51.154734,8.400000e+07
-1.035741,0.174135,-4.207021,38.398669,102.882866,-24.315235,8.400000e+07
-2.853821,-1.241103,-1.223876,-102.234579,54.084260,225.223224,8.400000e+07
-5.902686,2.364662,-2.443668,143.136263,17.648192,-13.755802,8.400000e+07
3.458854,0.086944,1.993057,128.647655,43.056439,-140.623498,8.400000e+07
-1.547568,-2.280196,-0.638820,151.781767,-262.588949,64.990006,8.400000e+07
-0.861755,-1.019654,4.126917,-61.769986,63.267570,-120.415588,8.400000e+07
4.579650,1.367917,-7.976763,-98.662993,-37.678533,12.048116,8.400000e+07
-2.938511,-1.547920,-1.973209,101.871117,13.424420,-107.414749,8.400000e+07
0.953395,1.866368,2.001897,133.168720,-143.553136,-391.387525,8.400000e+07
-3.936090,-0.285802,-1.045146,-277.415058,111.156104,-62.006785,8.400000e+07
3.766330,-4.564095,-1.107893,137.766768,49.104372,-189.578619,8.400000e+07
-0.913878,-0.945260,-0.820154,-150.350546,261.903605,-75.685121,8.400000e+07
-1.390074,0.828783,-1.210597,144.828689,-291.567051,74.183975,8.400000e+07
-1.234906,-2.665972,2.992970,122.817741,98.116580,20.084309,8.400000e+07
2.875277,-5.688566,1.502007,-72.680309,56.488493,-20.324058,8.400000e+07
-0.405261,-1.794822,-0.504437,-160.878463,-76.655840,84.126245,8.400000e+07
-0.959903,2.208455,1.054629,-132.693061,138.242089,152.038976,8.400000e+07
2.665633,1.956529,-2.262952,-9.052758,-46.922448,149.392805,8.400000e+07
-3.956597,-3.308506,3.661143,19.102141,52.381848,113.683703,8.400000e+07
-0.233781,0.169897,1.480962,48.792048,179.235925,-35.391008,8.400000e+07
2.029272,-0.704522,-2.183787,-161.544700,100.274743,-52.623848,8.400000e+07
1.550137,2.420840,1.994150,305.670322,49.080051,108.747079,8.400000e+07
-1.917333,2.504700,-0.759210,-411.649813,-183.827983,2.846845,8.400000e+07
1.057076,-0.121960,0.645827,-149.545184,315.006774,43.516752,8.400000e+07
-0.336544,-0.900850,2.520803,48.054165,177.663282,99.215653,8.400000e+07
-1.379607,2.794672,-2.424071,-45.911174,-127.376599,-109.284721,8.400000e+07
1.238560,-2.524282,0.575488,7.548840,-53.281905,212.558334,8.400000e+07
-2.233678,-0.920046,-0.571543,18.455812,47.435590,254.878917,8.400000e+07
2.292183,4.890584,-2.908643,-78.975237,130.973642,-120.211459,8.400000e+07
-2.314802,-2.347766,-2.723838,-20.044890,-60.952049,-382.995835,8.400000e+07
0.565177,1.572166,0.795930,-45.921679,98.313398,-21.890538,8.400000e+07
2.932441,-0.814955,1.599805,-68.572047,-147.374383,149.181574,8.400000e+07
0.487073,2.119870,-0.930155,187.107169,-174.891082,-150.385563,8.400000e+07
0.559315,2.537784,0.660362,76.858015,-133.494067,9.714068,8.400000e+07
-1.274165,-1.625255,-0.777145,-210.330766,-47.239262,261.707759,8.400000e+07
2.949449,0.126274,2.241150,16.850415,-110.941002,-106.236039,8.400000e+07
0.545872,-0.514628,5.575123,-81.018244,133.322019,-67.310334,8.400000e+07
0.495383,-1.222895,2.331466,268.343369,-26.486446,39.748733,8.400000e+07
-1.215132,2.357262,3.604934,-139.257053,-126.940174,-169.621652,8.400000e+07
-3.216379,0.395024,2.986465,-169.189786,94.319070,-5.358821,8.400000e+07
-2.212289,2.527848,-0.311799,146.233103,36.964518,7.337121,8.400000e+07
-0.298902,4.714976,3.515476,168.769982,-96.261065,-71.834157,8.400000e+07
0.899323,2.024786,0.743454,-82.120720,-147.614755,-41.647809,8.400000e+07
0.248218,2.062854,-3.386052,-114.823338,238.525077,-55.049212,8.400000e+07
-1.723481,7.157511,1.269998,186.252919,53.974719,121.402026,8.400000e+07
-2.876542,2.216515,-1.030600,49.755999,-81.267156,-71.381941,8.400000e+07
-1.859884,1.579719,-1.767117,2.195072,173.592697,-158.116683,8.400000e+07
0.651387,3.628407,1.655348,24.382891,62.524924,108.963480,8.400000e+07
3.904616,3.537657,-0.848093,54.479945,13.846202,-5.917020,8.400000e+07
1.356484,0.852496,0.910603,-157.805943,82.849485,139.329610,8.400000e+07
3.174798,3.030279,2.919590,136.331707,24.505285,74.287796,8.400000e+07
-1.895206,0.532610,0.889847,79.992127,-9.116531,-166.187806,8.400000e+07
0.496221,2.401806,1.123252,124.298263,-18.648287,-186.128333,8.400000e+07
0.338737,1.967077,-2.945016,-46.380615,-25.691525,-43.455109,8.400000e+07
-2.165667,2.413243,1.617881,-16.897101,11.273283,-17.790532,8.400000e+07
0.201279,2.993570,-0.157474,-82.667369,69.982497,-242.541406,8.400000e+07
1.161424,0.707413,0.650046,-90.059389,46.046417,-83.342403,8.400000e+07
-1.157914,-4.989908,1.570725,-122.923404,-96.861879,123.093524,8.400000e+07
3.590129,-0.378408,-1.874065,-28.334762,246.057637,9.361882,8.400000e+07
1.319785,-2.368170,3.984279,17.321031,-84.892524,-22.411851,8.400000e+07
1.254636,-0.583451,5.675084,-161.589727,65.446156,-28.277579,8.400000e+07
-0.348723,0.319045,1.870734,-213.526996,23.066897,-213.686891,8.400000e+07
2.225049,-0.786350,0.609498,-166.051272,-101.925701,3.884551,8.400000e+07
-1.902520,-2.182119,4.196052,24.377198,-269.006211,-76.391218,8.400000e+07
0.963978,-1.978304,2.386739,-100.723745,-224.116165,-305.427924,8.400000e+07
-1.711480,1.873026,-2.181231,226.245467,-79.574736,271.840896,8.400000e+07
-2.862494,-3.090902,0.706142,144.500297,-97.068986,7.173710,8.400000e+07
-1.526914,-2.811533,-0.534182,94.794602,20.217930,51.983090,8.400000e+07
0.739564,-3.570155,-1.180092,-132.693527,-233.271720,368.825120,8.400000e+07
1.817753,-0.977551,-2.693195,96.018170,-122.797324,119.578998,8.400000e+07
-0.052700,-5.001038,2.162243,-229.011487,-73.856380,166.935080,8.400000e+07
-1.270079,2.941492,1.095173,61.970660,101.007070,-111.750536,8.400000e+07
-3.839251,-3.296801,2.273474,166.441332,-4.122514,-18.876215,8.400000e+07
2.283010,3.003734,-0.769235,-236.738281,-118.802192,-82.286702,8.400000e+07
-0.194591,-0.925874,2.705246,57.691253,-155.750693,-46.834556,8.400000e+07
-4.790495,1.545035,2.715712,57.383481,7.248715,-82.059892,8.400000e+07
1.181881,1.073726,-4.570764,117.694405,56.369666,-93.842643,8.400000e+07
0.076029,-0.964506,-1.650488,-350.250640,237.994073,-148.199749,8.400000e+07
-0.395452,3.373649,1.402008,-161.369032,73.017548,-29.236869,8.400000e+07
-3.399271,0.406276,-0.068204,112.322650,297.517610,-43.564378,8.400000e+07
-0.498938,1.653256,-7.698491,-144.310183,27.817400,18.145417,8.400000e+07
1.386686,0.153910,-0.865015,-160.330153,56.235677,-25.937472,8.400000e+07
-2.410426,2.131320,1.250514,-78.924866,122.361615,67.113791,8.400000e+07
3.114325,-2.011366,3.518445,-16.987973,-34.439095,-92.161240,8.400000e+07
-1.136662,0.052830,-0.223101,110.805372,297.305749,189.399848,8.400000e+07
1.854560,-2.979915,1.745646,24.144465,-249.961689,165.480659,8.400000e+07
-0.272639,1.745751,-1.349085,90.720450,28.664159,163.217258,8.400000e+07
-4.172443,4.304008,5.392405,156.255615,93.078383,48.214473,8.400000e+07
-0.008006,-0.140691,-1.947709,-57.474784,100.176297,-170.569552,8.400000e+07
-1.850961,1.297336,2.434914,165.404335,-130.184250,-164.445774,8.400000e+07
1.247008,0.000310,3.697650,55.857431,-54.120842,212.369901,8.400000e+07
4.218393,-0.123641,0.278427,-158.319695,130.327864,-72.251115,8.400000e+07
1.718651,0.171476,6.451108,114.607487,75.486437,86.717594,8.400000e+07
-0.667179,-5.024533,-2.628623,-37.166266,-50.607110,81.566809,8.400000e+07
2.197688,-0.126099,-3.814704,-41.869951,-70.307736,-46.680871,8.400000e+07
0.006945,0.501501,0.792550,176.910248,-177.501328,-127.437193,8.400000e+07
3.739370,3.966939,4.097416,52.309795,72.228684,-107.643539,8.400000e+07
0.275768,3.428189,1.236820,-65.604527,-142.333470,153.719564,8.400000e+07
-0.804384,-0.130476,0.405077,23.225701,322.954901,78.318255,8.400000e+07
-3.752497,1.111939,4.634786,18.784015,-140.490838,-87.770404,8.400000e+07
2.132096,1.629246,0.020352,-9.335486,-49.743468,108.432097,8.400000e+07
1.931348,1.408470,-1.267051,139.100699,-24.036017,362.320347,8.400000e+07
2.964021,-0.827870,3.044799,83.257465,-76.377696,-197.740055,8.400000e+07
-1.610602,1.714239,4.678031,26.580066,20.969985,101.954323,8.400000e+07
-3.209585,-1.662806,0.142276,-21.750172,213.235015,-131.216498,8.400000e+07
-2.839727,1.385158,0.501840,123.923604,-120.115719,243.897587,8.400000e+07
-2.468614,-1.592381,2.188312,-39.007443,14.823872,-68.865129,8.400000e+07
-2.126082,-2.915311,-1.321954,-80.846443,-95.199064,169.698279,8.400000e+07
-2.263718,-3.766667,1.450743,79.316696,20.926926,-21.971540,8.400000e+07
1.369606,-3.774415,-2.099310,-34.319005,-78.489928,-13.938642,8.400000e+07
-0.558629,-0.419791,-0.321355,-325.542733,187.456649,282.047790,8.400000e+07
3.696051,0.259586,-4.385003,119.184335,-6.943843,95.533851,8.400000e+07
4.114850,3.242439,2.156661,-69.432736,106.090191,-41.235904,8.400000e+07
-3.823628,2.964023,-2.810121,-88.342906,19.799178,56.724825,8.400000e+07
3.855057,1.558248,3.074902,224.819279,-106.326346,47.743714,8.400000e+07
-3.392335,0.888248,-0.809412,33.767319,120.653408,-165.151669,8.400000e+07
1.468838,-0.240345,-1.248721,116.016237,47.221838,5.551207,8.400000e+07
5.363985,4.175122,-0.553617,-134.410722,74.659867,25.583984,8.400000e+07
1.958204,-1.794239,2.237600,-47.854995,-7.784021,206.170713,8.400000e+07
-3.976840,-5.878529,1.553962,-70.990572,36.194681,-107.105940,8.400000e+07
2.717639,4.386439,0.093535,-12.107161,13.584317,13.463949,8.400000e+07
-0.875329,2.859307,1.911509,-387.693800,-14.560866,-115.363400,8.400000e+07
2.926783,-1.841995,0.298883,-5.233666,-54.161519,75.670992,8.400000e+07
4.144764,-2.821598,1.098906,42.141419,-129.080715,-30.017290,8.400000e+07
-1.951880,-1.838221,0.490917,-145.119860,7.100937,91.138256,8.400000e+07
3.446472,1.324146,1.110677,184.110392,90.431831,-327.773128,8.400000e+07
-2.815019,-0.294586,-0.748884,-149.848737,-66.703300,-165.867422,8.400000e+07
1.416151,2.548095,0.188829,102.297801,-203.417121,-311.244072,8.400000e+07
-5.009933,-0.996452,-1.811993,-104.105662,-4.935468,-22.141359,8.400000e+07
1.944212,2.931407,-1.308593,202.988885,-207.674955,124.322467,8.400000e+07
-2.838609,-2.251054,-2.325120,198.533770,17.815647,-264.114552,8.400000e+07
-2.430830,-0.374152,0.190903,144.777829,-29.170143,93.444596,8.400000e+07
1.537913,0.281864,-2.834004,-237.440547,207.215389,-76.222105,8.400000e+07
5.167079,-4.320803,0.331026,92.402850,55.457317,-147.325592,8.400000e+07
-4.867326,1.712573,-3.714294,-77.570551,-57.466436,58.013784,8.400000e+07
3.410015,-1.954650,-1.670430,-74.790724,238.494263,-165.065525,8.400000e+07
-0.532324,-5.379790,6.330815,-31.612389,-106.225570,216.693020,8.400000e+07
2.856916,2.627946,-0.540294,-64.135452,-33.836844,-41.934479,8.400000e+07
-0.208026,-4.391481,-1.016306,-102.769060,-7.315718,84.229732,8.400000e+07
0.283093,-6.000658,1.469865,-86.401949,-111.056608,-27.371349,8.400000e+07
